Webots Project File version R2023b
perspectives: 000000ff00000000fd00000003000000000000024500000398fc0100000002fb0000001a0044006f00630075006d0065006e0074006100740069006f006e0000000000ffffffff0000000000000000fb0000001e00480074006d006c0052006f0062006f007400570069006e0064006f00770000000000000002450000000000000000000000010000025d00000345fc0200000001fb0000001400540065007800740045006400690074006f00720100000016000003450000008600ffffff0000000300000780000000affc0100000001fb0000001a0043006f006e0073006f006c00650041006c006c0041006c006c0100000000000007800000006900ffffff000005210000034500000001000000020000000100000008fc00000000
simulationViewPerspectives: 000000ff00000001000000020000015a000003ed0100000002010000000100
sceneTreePerspectives: 000000ff00000001000000030000002200000196000000fa0100000002010000000200
maximizedDockId: -1
centralWidgetVisible: 1
orthographicViewHeight: 1
textFiles: 0 "controllers/irb140_controller/irb140_controller.py"
globalOptionalRendering: CoordinateSystem::DistanceSensorRays::CameraFrustums
consoles: Console:All:All
renderingDevicePerspectives: AbbIrb140:camera;1;0.0996094;0.0160226;0.00113766
